1
2
3
6
7
9
11
12
13
14
15
19
21
22
23
25
27
28
31
33
35
37
38
41
43
44
45
47
48
50
54
55
56
57
58
61
63
64
65
69
70
71
74
78
80
83
86
88
89
90
93
94
95
98
100
101
103
105
106
107
111
112
114
115
116
119
124
125
126
128
129
131
132
135
136
138
139
140
141
144
145
146
149
150
151
152
154
155
161
162
165
168
171
174
175
176
178
180
181
183
186
191
192
193
194
196
197
199
200
201
205
207
208
210
211
212
213
214
216
218
219
221
222
223
225
226
227
230
231
233
235
238
240
242
244
246
247
248
249
255
257
259
260
261
263
264
265
268
269
270
273
274
278
280
281
282
283
284
286
287
290
292
294
297
300
301
303
305
308
309
310
312
315
317
320
321
326
331
335
336
340
341
342
343
344
345
349
350
351
352
354
355
357
359
362
363
364
366
367
368
369
370
372
373
376
377
381
382
383
385
386
388
390
391
394
395
397
398
399
400
403
404
408
409
411
412
413
414
415
419
420
422
423
425
426
431
434
435
436
437
441
442
448
451
452
453
457
458
459
461
464
466
470
472
473
474
475
476
477
481
484
486
487
492
493
494
501
502
504
505
507
511
514
516
517
519
520
522
524
527
528
529
530
531
534
535
536
537
538
539
540
541
542
543
546
548
549
550
552
555
557
558
559
564
565
566
568
573
575
580
581
582
583
586
587
588
591
592
593
594
598
600
601
604
605
606
607
610
613
614
615
618
620
621
622
624
627
628
629
632
633
635
636
637
640
645
646
647
650
651
652
654
655
657
658
659
660
661
663
665
666
668
669
670
671
673
675
677
678
679
681
683
686
688
689
690
691
694
696
698
700
703
710
711
715
716
717
724
725
726
728
730
731
734
735
736
737
738
739
740
741
743
744
745
747
748
749
750
753
754
758
760
765
767
768
771
773
774
776
777
779
781
782
785
786
789
790
791
795
798
799
800
801
802
804
805
809
812
814
817
820
822
824
826
828
830
831
832
833
834
835
836
838
839
840
842
845
846
847
848
849
851
852
853
859
860
861
863
864
865
866
868
869
870
872
874
875
878
881
883
884
885
887
888
890
894
896
897
905
906
907
908
912
913
914
915
916
917
922
923
924
929
931
936
937
938
939
940
941
942
943
944
949
950
951
953
957
959
960
962
963
964
966
967
968
970
972
976
977
979
981
982
983
984
985
987
988
989
990
992
995
996
1000
1003
1004
1008
1010
1011
1012
1013
1014
1016
1017
1019
1020
1021
1025
1026
1028
1029
1031
1033
1036
1039
1040
1041
1044
1047
1051
1052
1060
1063
1064
1070
1072
1076
1077
1078
1080
1081
1082
1084
1086
1087
1093
1094
1095
1096
1099
1102
1103
1104
1105
1107
1114
1115
1116
1117
1120
1121
1122
1125
1127
1129
1132
1134
1135
1138
1140
1142
1144
1145
1147
1148
1151
1152
1158
1159
1160
1162
1163
1165
1166
1172
1173
1179
1180
1181
1190
1191
1193
1194
1197
1200
1202
1203
1204
1206
1207
1208
1209
1212
1213
1214
1215
1219
1220
1225
1227
1230
1231
1232
1233
1234
1235
1239
1241
1244
1247
1249
1250
1256
1257
1258
1259
1263
1264
1265
1268
1271
1273
1274
1277
1278
1281
1287
1288
1290
1291
1293
1294
1295
1296
1297
1298
1299
1300
1302
1304
1305
1306
1307
1308
1310
1313
1314
1316
1317
1318
1320
1321
1323
1325
1326
1328
1330
1331
1333
1334
1335
1336
1338
1339
1342
1344
1345
1350
1351
1353
1354
1360
1363
1365
1367
1368
1369
1370
1371
1372
1373
1375
1376
1384
1385
1388
1389
1390
1391
1396
1398
1399
1401
1402
1403
1404
1405
1407
1411
1415
1416
1417
1419
1420
1421
1427
1428
1429
1432
1434
1437
1439
1441
1444
1445
1446
1450
1451
1453
1454
1455
1458
1461
1462
1464
1472
1473
1474
1475
1476
1478
1480
1481
1482
1483
1484
1486
1490
1491
1494
1497
1500
1503
1504
1507
1508
1510
1512
1513
1514
1516
1518
1519
1520
1523
1526
1528
1529
1530
1531
1532
1533
1536
1542
1544
1546
1553
1554
1556
1557
1558
1559
1561
1562
1563
1565
1566
1567
1572
1575
1577
1578
1580
1582
1583
1586
1587
1591
1594
1595
1596
1601
1603
1607
1609
1611
1616
1617
1618
1619
1620
1625
1628
1629
1631
1632
1633
1635
1637
1639
1640
1644
1645
1647
1650
1651
1652
1655
1656
1657
1659
1660
1661
1662
1663
1664
1666
1667
1671
1672
1678
1681
1691
1693
1694
1695
1698
1699
1707
1708
1711
1717
1719
1722
1730
1731
1733
1734
1736
1737
1738
1740
1743
1747
1748
1750
1752
1754
1755
1760
1761
1763
1765
1766
1768
1770
1773
1775
1777
1778
1780
1781
1783
1784
1790
1791
1793
1794
1795
1796
1798
1799
1800
1801
1802
1803
1804
1805
1806
1807
1811
1816
1818
1819
1821
1822
1825
1826
1829
1831
1835
1840
1841
1843
1846
1847
1849
1850
1851
1852
1853
1855
1856
1858
1861
1862
1863
1864
1865
1870
1871
1872
1875
1876
1877
1879
1880
1882
1883
1884
1886
1888
1896
1901
1904
1906
1907
1912
1913
1915
1916
1917
1918
1922
1923
1924
1925
1927
1928
1931
1932
1933
1938
1939
1941
1945
1948
1952
1956
1960
1962
1963
1964
1965
1971
1973
1974
1976
1978
1979
1981
1982
1984
1986
1987
1988
1992
1993
1994
1995
1998
1999
2002
2004
2007
2009
2010
2011
2012
2018
2019
2020
2021
2022
2023
2025
2031
2032
2035
2036
2037
2038
2040
2042
2046
2047
2048
2052
2055
2061
2062
2063
2064
2065
2067
2068
2069
2072
2073
2074
2079
2083
2084
2087
2089
2092
2093
2097
2100
2101
2102
2103
2105
2111
2112
2113
2114
2115
2117
2121
2122
2132
2134
2135
2136
2137
2138
2140
2146
2147
2148
2152
2153
2154
2157
2158
2160
2162
2166
2167
2172
2175
2176
2182
2183
2184
2188
2190
2199
2200
2202
2204
2205
2207
2209
2211
2212
2213
2214
2217
2218
2225
2226
2228
2230
2231
2232
2233
2234
2236
2237
2242
2243
2245
2248
2251
2256
2257
2258
2259
2260
2263
2265
2267
2269
2270
2271
2272
2276
2277
2278
2279
2283
2285
2287
2288
2295
2297
2298
2301
2303
2304
2306
2307
2308
2309
2310
2311
2313
2314
2316
2318
2319
2320
2326
2327
2329
2332
2335
2338
2345
2348
2349
2350
2351
2357
2358
2363
2368
2369
2370
2373
2374
2376
2378
2390
2391
2394
2395
2398
2402
2403
2404
2405
2409
2410
2414
2416
2418
2419
2421
2422
2423
2424
2425
2430
2431
2432
2434
2435
2436
2437
2438
2441
2444
2445
2448
2449
2452
2453
2454
2456
2460
2461
2462
2463
2464
2469
2471
2472
2473
2475
2477
2479
2481
2482
2484
2487
2490
2491
2492
2494
2496
2497
2498
2500
2504
2505
2507
2508
2509
2510
2511
2513
2515
2516
2517
2518
2521
2522
2525
2527
2528
2529
2531
2532
2534
2535
2536
2542
2544
2545
2553
2554
2555
2558
2559
2561
2566
2569
2574
2575
2576
2577
2578
2579
2582
2583
2587
2590
2591
2594
2597
2601
2604
2608
2610
2611
2618
2621
2622
2623
2628
2629
2630
2636
2637
2639
2640
2645
2650
2653
2655
2657
2660
2661
2663
2668
2671
2672
2673
2675
2676
2677
2678
2680
2681
2682
2684
2687
2690
2691
2692
2693
2694
2696
2697
2703
2706
2707
2710
2711
2712
2713
2715
2717
2718
2721
2722
2723
2724
2725
2729
2731
2733
2739
2740
2742
2743
2746
2747
2749
2751
2752
2754
2755
2756
2758
2763
2768
2770
2772
2773
2776
2777
2783
2784
2786
2787
2788
2789
2791
2792
2799
2800
2801
2803
2804
2805
2806
2808
2809
2812
2814
2815
2816
2817
2818
2820
2821
2822
2823
2824
2826
2829
2834
2836
2837
2839
2840
2841
2842
2843
2845
2846
2850
2851
2852
2854
2857
2859
2861
2864
2866
2872
2873
2874
2875
2876
2880
2882
2885
2887
2888
2892
2895
2898
2899
2900
2903
2906
2908
2910
2911
2913
2917
2918
2919
2920
2921
2922
2923
2924
2925
2926
2927
2928
2929
2934
2935
2936
2939
2941
2944
2947
2948
2953
2955
2956
2958
2961
2962
2965
2969
2970
2973
2975
2977
2980
2981
2983
2985
2991
2992
2994
2997
2999
3000
3001
3002
3003
3004
3006
3008
3009
3010
3011
3013
3014
3018
3019
3020
3021
3022
3023
3024
3025
3026
3027
3028
3031
3035
3036
3037
3039
3040
3041
3043
3044
3045
3053
3054
3055
3058
3060
3061
3062
3064
3071
3073
3078
3080
3081
3082
3083
3087
3088
3089
3091
3093
3094
3096
3098
3099
3100
3101
3102
3104
3106
3107
3111
3112
3116
3117
3118
3119
3120
3121
3124
3126
3128
3132
3134
3136
3137
3138
3141
3153
3157
3159
3166
3174
3177
3181
3183
3184
3186
3188
3189
3191
3192
3196
3203
3204
3206
3210
3213
3217
3218
3219
3220
3221
3223
3224
3225
3231
3232
3233
3237
3239
3243
3249
3251
3256
3257
3258
3259
3261
3262
3263
3264
3266
3267
3268
3269
3270
3271
3275
3279
3282
3287
3289
3290
3291
3292
3294
3295
3296
3299
3300
3302
3304
3305
3306
3310
3311
3313
3315
3317
3319
3322
3324
3328
3331
3332
3334
3335
3340
3341
3342
3343
3344
3346
3348
3351
3352
3353
3355
3356
3357
3358
3359
3360
3362
3364
3365
3367
3368
3370
3371
3374
3375
3376
3377
3379
3385
3386
3387
3388
3391
3393
3394
3397
3401
3402
3403
3404
3406
3408
3409
3412
3414
3415
3416
3418
3419
3423
3425
3426
3427
3429
3430
3433
3435
3436
3437
3438
3442
3446
3447
3450
3451
3454
3456
3457
3458
3460
3462
3466
3469
3470
3471
3472
3473
3475
3476
3477
3479
3480
3481
3482
3483
3485
3490
3492
3493
3496
3497
3500
3501
3503
3507
3510
3513
3517
3518
3522
3526
3528
3529
3535
3536
3538
3539
3542
3544
3547
3549
3550
3551
3556
3560
3562
3564
3567
3570
3571
3573
3574
3576
3577
3578
3583
3584
3585
3587
3588
3589
3590
3591
3593
3597
3598
3600
3602
3603
3604
3605
3607
3609
3615
3619
3626
3629
3633
3635
3644
3646
3648
3649
3650
3652
3653
3655
3656
3657
3662
3663
3664
3666
3668
3670
3673
3674
3676
3677
3680
3681
3683
3687
3692
3695
3698
3699
3700
3705
3706
3707
3715
3716
3717
3720
3721
3722
3724
3725
3726
3729
3730
3731
3738
3739
3743
3746
3751
3752
3753
3762
3763
3764
3766
3767
3771
3778
3782
3784
3787
3788
3789
3792
3793
3794
3797
3799
3802
3805
3808
3809
3811
3815
3818
3819
3820
3821
3823
3826
3828
3830
3832
3833
3835
3840
3842
3847
3853
3855
3860
3861
3862
3863
3865
3866
3867
3868
3869
3870
3877
3880
3881
3882
3885
3889
3894
3895
3896
3898
3899
3900
3903
3904
3906
3907
3908
3913
3914
3930
3931
3932
3933
3936
3938
3948
3952
3960
3961
3962
3964
3965
3966
3969
3972
3978
3980
3984
3985
3988
3989
3992
3993
3994
3995
3996
3997
3999
4002
4003
4006
4007
4008
4010
4011
4013
4015
4019
4020
4022
4024
4026
4028
4031
4032
4034
4036
4037
4041
4045
4048
4053
4054
4055
4059
4062
4065
4067
4071
4076
4077
4078
4079
4081
4085
4088
4091
4092
4093
4096
4099
4100
4101
4107
4110
4114
4119
4123
4124
4125
4131
4134
4140
4146
4149
4150
4157
4158
4159
4162
4170
4177
4180
4181
4182
4183
4184
4185
4186
4198
4201
4202
4203
4206
4211
4212
4213
4216
4219
4227
4228
4229
4234
4237
4241
4248
4256
4258
4264
4265
4269
4279
4282
4283
4284
4286
4287
4290
4294
4298
4300
4303
4307
4308
4312
4316
4320
4321
4323
4325
4326
4331
4333
4338
4340
4348
4361
4364
4368
4371
4372
4375
4377
4378
4381
4383
4384
4386
4387
4388
4389
4396
4397
4402
4404
4405
4415
4417
4418
4419
4422
4430
4431
4432
4433
4434
4436
4444
4449
4453
4455
4456
4460
4462
4468
4469
4473
4474
4475
4476
4478
4479
4481
4490
4491
4495
4496
4501
4504
4505
4506
4507
4508
4511
4512
4515
4517
4518
4521
4536
4543
4548
4551
4553
4558
4561
4565
4571
4572
4576
4577
4578
4581
4582
4585
4589
4596
4599
4600
4602
4609
4610
4612
4613
4614
4619
4620
4621
4623
4624
4627
4631
4632
4637
4638
4640
4641
4642
4645
4647
4648
4649
4651
4652
4656
4659
4661
4663
4664
4667
4670
4671
4672
4673
4678
4681
4693
4697
4699
4700
4701
4703
4704
4707
4710
4711
4716
4720
4722
4725
4726
4732
4733
4734
4735
4737
4740
4742
4752
4754
4761
4765
4772
4778
4780
4782
4786
4794
4795
4797
4798
4800
4801
4803
4806
4807
4811
4819
4822
4824
4825
4826
4827
4829
4832
4833
4834
4835
4836
4839
4841
4843
4844
4845
4846
4847
4848
4851
4853
4857
4859
4860
4863
4865
4867
4871
4872
4873
4874
4875
4876
4877
4878
4879
4885
4888
4890
4892
4893
4894
4895
4896
4899
4901
4902
4903
4909
4912
4913
4914
4915
4916
4917
4918
4920
4924
4925
4927
4928
4931
4932
4938
4939
4940
4941
4942
4945
4947
4952
4954
4955
4958
4959
4960
4961
4962
4965
4966
4967
4970
4974
4976
4978
4979
4981
4983
4987
4990
4991
4992
4994
4995
4996
4997
4998
5001
5002
5003
5004
5007
5008
5009
5014
5015
5016
5017
5018
5020
5023
5024
5025
5026
5027
5029
5030
5031
5033
5034
5037
5039
5040
5043
5046
5048
5049
5050
5051
5052
5055
5057
5058
5060
5064
5070
5072
5074
5075
5076
5078
5081
5086
5088
5089
5090
5092
5097
5099
5102
5103
5105
5106
5108
5109
5110
5115
5117
5121
5122
5127
5128
5132
5133
5135
5136
5137
5141
5145
5148
5150
5151
5152
5153
5154
5155
5156
5160
5162
5163
5164
5165
5167
5169
5171
5173
5174
5175
5177
5181
5182
5183
5184
5185
5187
5189
5190
5192
5193
5195
5196
5198
5199
5200
5201
5202
5203
5205
5207
5208
5210
5211
5214
5217
5218
5220
5222
5223
5225
5227
5231
5233
5234
5236
5238
5239
5240
5241
5242
5244
5245
5247
5248
5249
5252
5253
5255
5257
5259
5260
5261
5262
5263
5264
5266
5270
5271
5272
5274
5275
5280
5281
5287
5289
5290
5291
5292
5293
5295
5296
5298
5300
5302
5303
5304
5306
5310
5311
5312
5314
5315
5316
5318
5320
5323
5324
5325
5327
5330
5332
5333
5335
5338
5339
5343
5347
5348
5350
5359
5361
5364
5365
5366
5371
5372
5373
5379
5380
5381
5382
5383
5384
5388
5389
5390
5392
5393
5395
5397
5399
5402
5403
5404
5405
5406
5407
5408
5411
5412
5414
5416
5417
5419
5420
5422
5424
5426
5428
5429
5432
5435
5442
5443
5446
5452
5454
5458
5459
5460
5461
5462
5466
5467
5468
5469
5470
5472
5473
5474
5475
5476
5478
5481
5483
5485
5486
5491
5493
5495
5496
5500
5501
5503
5504
5507
5508
5509
5511
5512
5513
5516
5524
5525
5526
5530
5531
5533
5535
5536
5537
5538
5542
5544
5545
5546
5547
5548
5549
5552
5553
5555
5556
5557
5558
5560
5564
5565
5567
5569
5571
5573
5574
5575
5577
5578
5579
5581
5582
5585
5586
5590
5591
5594
5595
5597
5602
5603
5609
5612
5616
5618
5620
5621
5622
5623
5625
5626
5628
5630
5631
5632
5633
5634
5635
5637
5639
5640
5641
5642
5644
5645
5648
5650
5652
5653
5656
5657
5658
5661
5662
5665
5668
5669
5670
5672
5673
5674
5675
5676
5677
5682
5683
5684
5685
5690
5692
5695
5697
5699
5700
5702
5703
5704
5707
5709
5710
5711
5712
5714
5715
5716
5717
5723
5725
5727
5728
5729
5731
5734
5736
5737
5740
5743
5746
5749
5751
5757
5758
5762
5766
5767
5768
5769
5771
5773
5774
5775
5778
5779
5780
5781
5788
5789
5791
5792
5795
5797
5801
5805
5807
5808
5810
5813
5816
5819
5823
5825
5826
5827
5828
5829
5830
5833
5834
5838
5842
5845
5846
5847
5848
5849
5850
5851
5855
5856
5857
5862
5864
5869
5870
5871
5872
5875
5876
5878
5883
5889
5890
5891
5893
5894
5899
5900
5902
5908
5910
5911
5916
5920
5923
5924
5926
5927
5928
5933
5939
5944
5945
5947
5948
5951
5952
5958
5959
5961
5964
5965
5966
5968
5970
5976
5977
5983
5985
5986
5989
5992
5994
5996
5998
6000
6001
6004
6006
6007
6008
6010
6011
6012
6018
6019
6023
6029
6032
6033
6034
6035
6036
6042
6043
6044
6045
6046
6049
6051
6054
6055
6057
6060
6061
6062
6063
6066
6067
6069
6072
6079
6082
6085
6086
6087
6089
6092
6094
6096
6097
6101
6104
6110
6111
6113
6114
6120
6121
6123
6124
6126
6127
6128
6132
6140
6143
6149
6152
6153
6155
6156
6159
6160
6161
6167
6168
6169
6171
6172
6174
6175
6183
6185
6186
6188
6194
6196
6200
6201
6204
6205
6208
6209
6211
6213
6218
6220
6221
6223
6225
6226
6227
6228
6235
6236
6241
6244
6245
6246
6247
6248
6252
6253
6255
6256
6258
6259
6261
6262
6265
6269
6270
6272
6274
6276
6278
6284
6288
6297
6302
6303
6304
6305
6306
6307
6308
6309
6311
6312
6314
6315
6319
6321
6323
6324
6329
6330
6331
6332
6333
6335
6337
6339
6340
6343
6344
6346
6352
6353
6357
6358
6360
6362
6364
6366
6368
6371
6373
6375
6376
6378
6379
6384
6385
6388
6389
6391
6394
6395
6397
6399
6404
6405
6406
6414
6416
6435
6441
6445
6446
6450
6452
6454
6455
6456
6459
6461
6467
6468
6472
6473
6478
6481
6482
6490
6492
6495
6502
6504
6510
6511
6515
6518
6521
6523
6525
6527
6531
6535
6537
6548
6549
6552
6554
6555
6556
6558
6559
6564
6565
6569
6571
6572
6574
6578
6579
6581
6583
6585
6590
6596
6600
6604
6606
6610
6616
6618
6621
6624
6626
6631
6633
6634
6638
6641
6643
6644
6646
6647
6648
6649
6652
6654
6658
6659
6660
6661
6664
6668
6669
6671
6673
6680
6682
6687
6694
6695
6697
6699
6700
6704
6708
6710
6711
6713
6714
6716
6718
6719
6723
6724
6727
6729
6734
6738
6743
6746
6747
6748
6751
6752
6754
6756
6757
6758
6760
6762
6769
6773
6778
6780
6783
6787
6788
6791
6792
6795
6800
6801
6805
6816
6818
6822
6823
6825
6826
6830
6831
6835
6839
6840
6841
6846
6854
6855
6858
6862
6865
6866
6867
6869
6870
6871
6875
6880
6881
6884
6900
6902
6905
6908
6909
6915
6919
6921
6925
6927
6932
6934
6937
6941
6942
6944
6948
6949
6953
6955
6959
6962
6963
6966
6968
6970
6971
6975
6977
6980
6982
6985
6991
6992
6993
7002
7008
7010
7011
7012
7021
7024
7032
7035
7036
7039
7041
7042
7044
7049
7050
7053
7055
7060
7065
7067
7071
7075
7077
7078
7079
7080
7082
7084
7086
7088
7090
7095
7102
7103
7104
7105
7106
7111
7112
7123
7128
7130
7131
7134
7141
7142
7146
7149
7156
7163
7173
7176
7180
7181
7183
7188
7202
7210
7212
7214
7219
7221
7224
7225
7230
7233
7234
7245
7247
7248
7255
7261
7264
7265
7266
7267
7269
7270
7271
7278
7284
7285
7289
7292
7293
7294
7300
7304
7306
7316
7317
7318
7323
7324
7326
7327
7333
7334
7335
7338
7347
7349
7350
7353
7362
7371
7373
7375
7376
7378
7382
7383
7386
7387
7388
7390
7391
7394
7396
7397
7398
7399
7400
7401
7402
7404
7405
7408
7412
7413
7416
7420
7421
7423
7427
7428
7431
7432
7435
7438
7439
7441
7444
7445
7446
7447
7449
7453
7454
7455
7456
7459
7464
7466
7470
7472
7474
7475
7476
7477
7478
7479
7481
7483
7484
7486
7487
7488
7493
7494
7499
7500
7502
7507
7508
7510
7512
7516
7519
7520
7522
7525
7527
7528
7529
7530
7534
7536
7537
7541
7543
7545
7548
7551
7554
7557
7560
7561
7562
7563
7565
7566
7567
7570
7572
7573
7575
7577
7578
7579
7581
7582
7587
7592
7593
7594
7599
7601
7602
7607
7608
7613
7614
7616
7619
7621
7623
7624
7629
7631
7632
7634
7635
7637
7638
7642
7645
7646
7647
7648
7654
7656
7661
7666
7668
7671
7676
7678
7681
7682
7683
7687
7688
7689
7691
7701
7703
7709
7710
7711
7713
7717
7719
7720
7722
7723
7726
7727
7729
7730
7732
7734
7735
7737
7738
7740
7742
7743
7744
7745
7748
7751
7752
7754
7755
7757
7760
7764
7765
7766
7767
7768
7769
7773
7777
7779
7782
7786
7788
7792
7795
7796
7798
7800
7802
7803
7805
7806
7807
7808
7813
7814
7818
7821
7822
7824
7825
7827
7828
7831
7837
7840
7841
7844
7848
7849
7851
7855
7861
7864
7865
7868
7871
7874
7876
7877
7879
7883
7884
7887
7889
7890
7893
7894
7897
7899
7902
7903
7905
7907
7908
7910
7911
7912
7913
7915
7917
7918
7922
7923
7925
7926
7930
7936
7937
7938
7939
7941
7942
7944
7949
7950
7951
7953
7955
7957
7958
7960
7962
7963
7965
7966
7967
7969
7973
7975
7978
7986
7987
7988
7990
7992
7994
7995
7996
7997
7999
8000
8003
8007
8011
8012
8013
8014
8017
8018
8020
8021
8024
8025
8026
8027
8033
8036
8037
8040
8042
8043
8044
8047
8051
8052
8054
8056
8057
8058
8061
8063
8066
8067
8070
8071
8072
8076
8079
8081
8082
8083
8086
8088
8089
8090
8093
8094
8096
8097
8098
8099
8100
8102
8104
8105
8106
8108
8110
8111
8113
8116
8118
8123
8125
8126
8131
8132
8133
8134
8135
8136
8137
8140
8142
8143
8144
8148
8149
8161
8163
8166
8169
8170
8171
8172
8173
8174
8175
8178
8179
8181
8182
8184
8185
8186
8188
8190
8193
8194
8195
8199
8202
8206
8209
8213
8214
8216
8224
8226
8228
8229
8231
8233
8235
8236
8237
8238
8239
8240
8242
8246
8247
8248
8249
8250
8254
8257
8258
8261
8262
8265
8268
8271
8272
8273
8274
8276
8277
8278
8280
8282
8283
8287
8288
8289
8290
8298
8302
8303
8304
8305
8307
8308
8310
8311
8313
8314
8317
8320
8324
8325
8326
8327
8330
8331
8332
8333
8335
8337
8338
8339
8340
8342
8343
8346
8347
8348
8349
8350
8351
8355
8356
8357
8359
8360
8362
8365
8366
8368
8370
8373
8375
8376
8377
8378
8381
8382
8384
8386
8387
8388
8389
8390
8391
8392
8394
8395
8397
8401
8403
8404
8407
8409
8412
8414
8415
8418
8422
8431
8433
8438
8439
8441
8444
8445
8448
8450
8453
8454
8457
8466
8467
8469
8471
8475
8479
8483
8484
8485
8487
8488
8491
8492
8495
8497
8499
8500
8504
8505
8506
8508
8509
8511
8513
8516
8518
8519
8520
8522
8530
8539
8540
8541
8544
8545
8546
8547
8548
8555
8558
8562
8563
8565
8567
8571
8573
8576
8581
8583
8586
8587
8588
8591
8592
8593
8597
8601
8605
8606
8607
8609
8611
8618
8620
8623
8625
8632
8634
8638
8639
8640
8641
8643
8644
8645
8646
8648
8652
8654
8655
8657
8658
8660
8661
8663
8668
8672
8674
8677
8678
8679
8681
8683
8684
8686
8688
8689
8692
8693
8695
8696
8697
8701
8707
8712
8713
8714
8717
8718
8719
8722
8723
8726
8728
8730
8731
8732
8734
8737
8745
8747
8748
8752
8753
8754
8755
8758
8759
8760
8761
8766
8771
8772
8774
8775
8779
8781
8783
8786
8787
8788
8792
8795
8796
8797
8800
8802
8806
8809
8811
8814
8815
8820
8822
8825
8828
8830
8831
8832
8834
8836
8841
8842
8843
8844
8845
8846
8847
8849
8850
8855
8858
8864
8871
8874
8875
8877
8878
8881
8883
8888
8890
8892
8893
8895
8896
8898
8899
8900
8903
8904
8907
8913
8916
8923
8930
8931
8932
8934
8940
8941
8942
8944
8949
8951
8952
8957
8965
8966
8970
8972
8978
8983
8986
8994
8995
8997
8999
9002
9005
9006
9008
9010
9011
9012
9014
9018
9019
9020
9027
9028
9030
9031
9032
9035
9038
9039
9040
9041
9046
9047
9048
9049
9051
9053
9054
9059
9062
9064
9068
9069
9070
9072
9074
9076
9081
9082
9084
9085
9086
9087
9088
9093
9097
9101
9102
9103
9104
9105
9106
9109
9110
9111
9112
9114
9116
9117
9119
9134
9136
9139
9141
9142
9145
9148
9149
9150
9151
9152
9153
9155
9156
9158
9160
9161
9162
9166
9167
9168
9169
9170
9171
9175
9176
9177
9179
9180
9181
9182
9183
9186
9188
9190
9192
9193
9194
9196
9200
9201
9202
9203
9205
9206
9208
9213
9214
9215
9218
9220
9221
9223
9224
9230
9232
9233
9234
9236
9237
9239
9242
9244
9245
9259
9260
9261
9263
9269
9276
9278
9279
9280
9283
9284
9285
9287
9288
9289
9294
9296
9301
9302
9303
9308
9311
9312
9313
9316
9323
9328
9329
9331
9335
9336
9337
9338
9339
9340
9342
9345
9349
9351
9354
9356
9362
9365
9366
9370
9372
9379
9380
9383
9384
9385
9386
9388
9398
9403
9405
9406
9408
9411
9412
9414
9416
9418
9423
9424
9425
9427
9428
9429
9431
9432
9434
9439
9440
9441
9442
9452
9456
9457
9460
9462
9463
9464
9466
9467
9470
9471
9473
9474
9475
9478
9482
9485
9490
9491
9492
9496
9497
9502
9508
9509
9510
9512
9513
9516
9517
9520
9521
9524
9525
9529
9544
9547
9550
9552
9558
9559
9560
9565
9567
9571
9576
9582
9585
9591
9592
9595
9599
9600
9605
9608
9611
9616
9621
9630
9633
9635
9641
9643
9644
9645
9650
9653
9654
9656
9669
9672
9679
9680
9681
9683
9690
9691
9693
9698
9700
9702
9704
9705
9706
9710
9711
9716
9722
9723
9725
9726
9729
9731
9734
9741
9746
9749
9750
9752
9753
9758
9760
9763
9764
9766
9768
9772
9773
9775
9777
9780
9781
9782
9791
9797
9801
9806
9807
9808
9809
9812
9813
9814
9816
9835
9838
9839
9844
9856
9858
9859
9861
9863
9870
9874
9876
9881
9883
9888
9890
9901
9905
9907
9910
9922
9929
9930
9932
9933
9939
9940
9944
9947
9948
9949
9955
9957
9958
9959
9961
9967
9968
9972
9973
9975
9977
9978
9980
9984
9989
9992
9996
9997
9998
10007
10013
10020
10029
10040
10041
10043
10045
10048
10049
10052
10055
10056
10057
10059
10062
10068
10069
10071
10074
10083
10084
10090
10092
10095
10098
10100
10103
10105
10106
10107
10110
10115
10117
10125
10126
10133
10135
10136
10137
10138
10140
10142
10145
10147
10148
10150
10152
10157
10160
10161
10162
10164
10167
10168
10169
10178
10179
10183
10184
10186
10187
10188
10189
10191
10197
10199
10202
10206
10208
10210
10211
10212
10215
10222
10224
10226
10229
10234
10239
10246
10247
10248
10254
10257
10258
10262
10265
10268
10272
10279
10281
10282
10283
10290
10292
10295
10296
10297
10298
10300
10301
10304
10306
10308
10309
10311
10313
10314
10316
10317
10318
10319
10325
10328
10329
10330
10331
10335
10336
10338
10339
10341
10343
10344
10349
10354
10356
10358
10359
10362
10363
10365
10368
10370
10371
10372
10374
10376
10377
10378
10381
10382
10383
10386
10388
10393
10397
10400
10401
10402
10406
10407
10408
10409
10411
10416
10419
10420
10421
10423
10425
10430
10432
10436
10437
10439
10440
10441
10442
10443
10445
10446
10447
10449
10450
10452
10454
10459
10466
10470
10474
10475
10477
10480
10484
10485
10490
10492
10497
10499
10501
10503
10504
10505
10509
10515
10519
10520
10521
10522
10523
10532
10535
10539
10540
10546
10548
10549
10550
10552
10553
10557
10558
10559
10562
10563
10564
10566
10567
10568
10573
10576
10582
10585
10586
10588
10589
10591
10592
10595
10597
10600
10602
10603
10607
10609
10614
10618
10619
10624
10626
10629
10633
10634
10636
10638
10646
10647
10648
10651
10652
10653
10654
10660
10661
10662
10663
10664
10667
10668
10669
10671
10677
10680
10681
10684
10689
10693
10694
10697
10698
10704
10707
10710
10711
10712
10715
10716
10718
10719
10721
10722
10723
10724
10725
10728
10733
10737
10739
10740
10741
10742
10743
10746
10748
10751
10752
10755
10757
10758
10759
10761
10762
10766
10769
10770
10771
10775
10777
10780
10784
10785
10786
10789
10790
10791
10792
10793
10797
10798
10800
10802
10805
10806
10807
10808
10809
10812
10813
10816
10818
10819
10830
10831
10832
10833
10834
10838
10839
10840
10844
10845
10847
10852
10853
10860
10863
10864
10871
10874
10875
10876
10877
10878
10879
10882
10883
10888
10891
10895
10896
10898
10901
10902
10903
10908
10913
10914
10915
10916
10918
10919
10920
10925
10929
10939
10940
10944
10945
10948
10950
10952
10956
10958
10961
10963
10966
10968
10969
10970
10972
10981
10983
10987
10992
10993
10994
10996
10997
11000
11002
11004
11007
11009
11010
11013
11019
11023
11024
11027
11028
11029
11030
11031
11033
11036
11038
11040
11045
11046
11048
11054
11055
11060
11061
11064
11065
11066
11068
11075
11079
11081
11083
11084
11085
11090
11091
11095
11097
11101
11102
11103
11104
11110
11114
11117
11119
11122
11123
11125
11126
11128
11129
11130
11131
11133
11135
11142
11145
11149
11156
11157
11160
11161
11164
11166
11167
11171
11176
11177
11185
11187
11190
11191
11192
11193
11196
11202
11203
11204
11205
11207
11208
11211
11212
11213
11214
11215
11218
11220
11224
11228
11229
11233
11238
11240
11242
11244
11245
11253
11258
11260
11261
11262
11264
11267
11268
11269
11270
11274
11275
11280
11284
11289
11290
11293
11294
11295
11296
11298
11302
11304
11306
11310
11318
11322
11323
11333
11335
11337
11339
11340
11341
11342
11344
11349
11350
11351
11352
11356
11360
11361
11363
11370
11372
11375
11378
11383
11385
11389
11394
11396
11397
11398
11399
11402
11405
11408
11411
11416
11419
11420
11421
11423
11427
11429
11431
11437
11438
11440
11442
11445
11449
11450
11460
11461
11462
11465
11467
11468
11470
11473
11476
11479
11484
11486
11491
11493
11498
11499
11501
11505
11508
11513
11519
11521
11523
11524
11530
11534
11536
11537
11538
11540
11541
11545
11546
11547
11549
11550
11551
11555
11556
11559
11562
11563
11564
11568
11572
11574
11580
11581
11584
11591
11593
11594
11596
11599
11603
11607
11612
11615
11619
11623
11627
11628
11630
11631
11632
11634
11636
11637
11639
11641
11645
11646
11647
11650
11652
11653
11657
11661
11662
11667
11669
11670
11671
11676
11681
11682
11683
11684
11685
11687
11689
11691
11692
11695
11699
11700
11704
11707
11714
11716
11721
11722
11730
11731
11735
11737
11740
11741
11744
11745
11748
11749
11750
11751
11755
11757
11760
11762
11763
11764
11765
11769
11770
11774
11776
11777
11778
11786
11787
11790
11791
11795
11796
11798
11801
11802
11804
11806
11807
11808
11809
11813
11816
11818
11820
11822
11824
11826
11827
11837
11841
11843
11845
11846
11856
11862
11863
11867
11869
11874
11875
11876
11880
11884
11888
11890
11892
11893
11894
11897
11898
11905
11907
11911
11913
11915
11916
11918
11921
11923
11926
11928
11933
11934
11940
11943
11944
11946
11948
11949
11950
11954
11956
11957
11958
11959
11960
11961
11964
11965
11966
11970
11971
11972
11975
11976
11978
11980
11981
11987
11990
11996
12000
12002
12008
12009
12015
12016
12020
12022
12024
12025
12029
12031
12035
12036
12037
12050
12053
12057
12059
12060
12063
12065
12074
12076
12078
12079
12085
12090
12092
12093
12094
12097
12099
12100
12104
12111
12113
12115
12117
12118
12121
12125
12127
12129
12135
12136
12138
12139
12140
12144
12145
12146
12147
12154
12158
12159
12161
12171
12173
12174
12182
12183
12187
12189
12191
12194
12199
12205
12207
12209
12213
12216
12221
12225
12228
12234
12235
12236
12237
12239
12240
12242
12244
12245
12247
12248
12249
12250
12251
12259
12261
12264
12267
12273
12274
12277
12281
12283
12284
12285
12292
12294
12295
12299
12303
12304
12305
12310
12315
12323
12326
12327
12330
12331
12334
12335
12338
12341
12349
12350
12351
12355
12358
12363
12364
12366
12370
12373
12377
12384
12391
12393
12397
12400
12402
12403
12404
12405
12406
12411
12412
12417
12418
12419
12423
12435
12438
12440
12443
12445
12446
12447
12450
12452
12453
12456
12463
12464
12467
12473
12477
12479
12481
12482
12484
12487
12493
12495
12496
12497
12501
12508
12510
12511
12513
12515
12517
12520
12525
12529
12530
12531
12532
12537
12538
12542
12546
12549
12551
12561
12562
12564
12567
12572
12577
12578
12580
12583
12584
12587
12588
12590
12592
12595
12603
12612
12617
12622
12624
12625
12626
12629
12630
12632
12633
12634
12639
12646
12647
12657
12658
12660
12662
12665
12666
12669
12670
12671
12672
12673
12679
12680
12683
12694
12698
12699
12701
12704
12706
12711
12713
12715
12717
12718
12720
12729
12731
12733
12738
12744
12747
12749
12750
12753
12754
12755
12757
12758
12760
12766
12767
12770
12772
12780
12791
12792
12793
12795
12797
12800
12803
12804
12805
12806
12809
12814
12818
12819
12820
12821
12826
12829
12832
12840
12841
12842
12845
12847
12849
12852
12853
12858
12859
12862
12867
12868
12869
12872
12876
12877
12878
12879
12880
12881
12882
12887
12888
12889
12894
12897
12899
12902
12907
12924
12928
12929
12931
12934
12937
12938
12940
12941
12944
12945
12946
12948
12949
12950
12953
12955
12957
12967
12974
12976
12977
12980
12981
12985
12988
12991
12999
13007
13008
13010
13012
13013
13014
13018
13019
13020
13022
13031
13041
13043
13044
13045
13046
13048
13050
13053
13055
13057
13058
13059
13060
13063
13064
13069
13071
13073
13075
13076
13077
13079
13080
13083
13085
13089
13091
13094
13096
13097
13101
13102
13106
13107
13108
13111
13113
13114
13115
13117
13118
13119
13121
13125
13128
13130
13132
13133
13134
13136
13138
13140
13141
13142
13144
13148
13153
13157
13161
13163
13164
13166
13168
13172
13175
13177
13178
13180
13188
13190
13192
13193
13194
13196
13199
13200
13202
13204
13206
13209
13210
13211
13213
13214
13217
13218
13223
13226
13227
13228
13230
13234
13239
13241
13243
13244
13246
13247
13249
13250
13253
13254
13262
13264
13268
13269
13271
13272
13273
13277
13278
13282
13284
13293
13297
13298
13300
13301
13302
13303
13305
13308
13310
13311
13313
13321
13324
13326
13328
13330
13331
13335
13336
13339
13341
13344
13346
13347
13350
13351
13355
13357
13358
13360
13361
13366
13367
13369
13370
13372
13376
13381
13382
13384
13385
13387
13389
13391
13392
13400
13402
13407
13414
13415
13417
13423
13424
13433
13438
13440
13441
13445
13446
13447
13450
13455
13458
13459
13461
13465
13466
13467
13470
13471
13474
13476
13478
13479
13482
13485
13488
13489
13493
13495
13498
13499
13501
13506
13508
13510
13515
13523
13525
13528
13529
13530
13532
13536
13537
13538
13539
13542
13543
13546
13552
13556
13558
13559
13560
13564
13569
13570
13571
13572
13574
13577
13578
13579
13583
13586
13588
13593
13594
13595
13596
13602
13604
13605
13607
13608
13610
13611
13613
13615
13619
13621
13625
13626
13627
13630
13631
13633
13635
13640
13643
13649
13652
13653
13654
13656
13657
13659
13660
13661
13662
13663
13664
13669
13672
13674
13683
13687
13689
13696
13697
13698
13701
13708
13713
13714
13723
13726
13729
13736
13737
13739
13742
13743
13745
13746
13750
13752
13753
13757
13758
13762
13770
13775
13776
13778
13779
13781
13785
13790
13793
13794
13797
13798
13799
13800
13803
13804
13805
13814
13816
13817
13818
13821
13824
13828
13830
13834
13835
13836
13838
13840
13842
13850
13852
13855
13857
13859
13863
13866
13869
13872
13874
13875
13877
13883
13885
13886
13887
13888
13891
13897
13899
13901
13904
13906
13912
13914
13915
13916
13921
13922
13928
13929
13933
13934
13938
13947
13949
13952
13954
13961
13972
13976
13979
13984
13986
13993
13996
14000
14002
14004
14005
14006
14008
14010
14012
14013
14017
14020
14021
14023
14024
14026
14027
14029
14030
14031
14033
14034
14038
14047
14050
14051
14052
14054
14059
14060
14061
14065
14069
14071
14072
14076
14081
14084
14089
14092
14094
14096
14100
14102
14103
14107
14109
14110
14111
14112
14114
14117
14118
14122
14124
14126
14131
14132
14136
14142
14143
14145
14147
14148
14149
14150
14152
14153
14155
14156
14159
14160
14161
14163
14164
14166
14170
14172
14180
14188
14189
14196
14197
14200
14205
14209
14214
14218
14219
14220
14223
14227
14232
14236
14238
14243
14244
14246
14247
14259
14260
14263
14264
14266
14268
14269
14270
14271
14272
14273
14274
14276
14279
14288
14290
14291
14296
14297
14299
14301
14304
14309
14311
14312
14313
14314
14316
14317
14319
14323
14325
14329
14330
14332
14334
14339
14340
14342
14349
14350
14352
14353
14356
14360
14361
14369
14371
14372
14375
14378
14380
14382
14383
14393
14394
14395
14398
14399
14400
14402
14404
14406
14410
14411
14414
14417
14421
14423
14424
14427
14429
14430
14432
14439
14440
14444
14446
14449
14454
14457
14461
14465
14466
14468
14471
14473
14480
14484
14485
14488
14491
14493
14494
14495
14499
14501
14502
14509
14510
14512
14515
14517
14519
14520
14522
14534
14538
14542
14543
14545
14547
14548
14550
14552
14553
14554
14561
14562
14568
14570
14573
14575
14579
14580
14581
14583
14584
14585
14588
14589
14591
14592
14594
14596
14598
14599
14603
14606
14613
14618
14621
14626
14634
14637
14643
14646
14648
14652
14654
14659
14661
14664
14666
14668
14672
14674
14676
14681
14682
14683
14686
14692
14695
14696
14697
14699
14703
14705
14708
14709
14712
14714
14718
14720
14722
14726
14728
14733
14735
14740
14769
14774
14775
14777
14781
14785
14787
14788
14791
14793
14796
14798
14801
14803
14805
14806
14808
14810
14813
14815
14818
14819
14820
14824
14827
14830
14832
14833
14837
14838
14841
14842
14847
14849
14851
14854
14857
14869
14875
14876
14877
14883
14885
14892
14893
14903
14907
14909
14910
14912
14917
14918
14921
14924
14937
14944
14956
14959
14962
14965
14969
14973
14974
14978
14979
14981
14984
14989
14990
14994
14997
14998
14999
15001
15006
15011
15012
15014
15016
